YYYYMMDD Kp[8]           Sum ap[8]                   Ap
20220901 2+3+3-2+1 1+1+1+16-  9 18 12  9  4  5  5  5  8
20220902 1+1-2-2+2+1-1+4-14   5  3  6  9  9  3  5 22  8
20220903 5 3+3+3+3 3-3+4+28+ 48 18 18 18 15 12 18 32 22
20220904 5 6-6 6+5-6 5-5 43+ 48 67 80 94 39 80 39 48 62
20220905 5 5-4+5-4+5 4-4+36  48 39 32 39 32 48 22 32 36
20220906 4 4 3 3 3-3+4-3+27  27 27 15 15 12 18 22 18 19
20220907 3 2 3 2+3 4-3 1+21+ 15  7 15  9 15 22 15  5 13
20220908 2 4 4 3 3 3-3 4+26   7 27 27 15 15 12 15 32 19
20220909 4-2 3-4-3-2 1-2 19+ 22  7 12 22 12  7  3  7 12
20220910 3-2 3+2 3-3+3+2-21  12  7 18  7 12 18 18  6 12
20220911 3-1+1+2-2-3+2 1+15+ 12  5  5  6  6 18  7  5  8
20220912 3-2+2+2-1+1-2-1-13+ 12  9  9  6  5  3  6  3  7
20220913 0 0+1+1-1-1-0 1- 4+  0  2  5  3  3  3  0  3  2
20220914 1-1-2-1+2-2-3-4 14+  3  3  6  5  6  6 12 27  8
20220915 4-1-1-0+1 2 1-1 10  22  3  3  2  4  7  3  4  6
